000001
000004
000005
000006
000007
000008
000009
000010
000012
000013
000016
000017
000019
000020
000021
000022
000023
000026
000028
000029
000030
000031
000032
000035
000038
000040
000042
000043
000044
000046
000047
000048
000049
000050
000051
000052
000055
000056
000057
000059
000060
000061
000062
000063
000064
000065
000068
000069
000070
000072
000074
000076
000078
000079
000084
000085
000086
000088
000089
000090
000091
000092
000093
000095
000096
000098
000099
000102
000103
000105
000106
000107
000108
000109
000112
000113
000114
000115
000116
000117
000118
000119
000120
000122
000123
000124
000125
000126
000127
000129
000130
000131
000133
000134
000135
000136
000138
000142
000144
000146
000148
000149
000150
000151
000157
000158
000159
000161
000162
000163
000164
000165
000166
000169
000170
000171
000172
000173
000176
000177
000178
000179
000180
000182
000183
000185
000188
000189
000190
000194
000195
000197
000200
000201
000202
000205
000207
000210
000212
000213
000215
000217
000218
000222
000223
000225
000226
000227
000229
000232
000237
000239
000241
000243
000245
000247
000248
000250
000252
000253
000256
000257
000259
000260
000261
000263
000266
000267
000269
000270
000272
000273
000274
000275
000277
000278
000280
000281
000282
000283
000285
000286
000288
000289
000290
000291
000297
000300
000302
000303
000304
000305
000306
000307
000308
000310
000315
000318
000319
000321
000322
000324
000325
000327
000328
000329
000330
000331
000334
000336
000340
000341
000342
000343
000345
000347
000348
000349
000350
000352
000353
000354
000356
000357
000358
000360
000362
000364
000365
000366
000367
000368
000369
000371
000373
000374
000375
000378
000381
000383
000385
000386
000387
000389
000390
000391
000392
000393
000395
000396
000398
000401
000402
000403
000404
000406
000407
000408
000409
000410
000411
000412
000413
000415
000417
000419
000420
000423
000425
000426
000427
000429
000430
000431
000433
000436
000437
000438
000440
000441
000443
000444
000446
000447
000449
000450
000451
000452
000453
000454
000455
000457
000459
000460
000463
000464
000466
000467
000468
000470
000471
000473
000474
000478
000480
000482
000484
000486
000487
000489
000490
000491
000492
000493
000496
000497
000499
000500
000502
000503
000504
000505
000506
000509
000510
000511
000512
000513
000515
000516
000518
000519
000520
000521
000522
000523
000527
000529
000532
000534
000536
000537
000538
000539
000540
000541
000544
000545
000548
000550
000551
000554
000555
000556
000558
000559
000560
000561
000562
000564
000565
000566
000567
000568
000569
000570
000571
000572
000573
000574
000575
000580
000581
000582
000583
000585
000587
000589
000590
000591
000592
000593
000595
000597
000598
000600
000602
000606
000607
000608
000609
000610
000611
000614
000615
000619
000622
000623
000626
000628
000629
000633
000634
000636
000637
000639
000640
000641
000642
000643
000644
000646
000647
000649
000650
000651
000652
000653
000654
000655
000658
000660
000661
000662
000664
000666
000667
000668
000669
000672
